X(TI)	T(K)	CPU_GM	GPU_GM	GM_DIFF	CPU_MU_NB	CPU_MU_TI	GPU_MU_NB	GPU_MU_TI	MU_NB_DIFF	MU_TI_DIFF	STATUS
0.1	500	-19166.272732675185	-19166.272732731006	0.000000055821	-19764.293346351504	-13784.087210142019	-19764.293346331342	-13784.087210128671	0.000000020162	0.000000013348	PASS
0.1	600	-24602.651695100260	-24602.651605157575	0.000089942685	-25134.195682177469	-19818.755811405430	-25134.195731795626	-19818.755364570909	0.000049618156	0.000446834521	PASS
0.1	700	-30513.171371450266	-30513.171291501378	0.000079948888	-30847.254632225970	-27506.422024468840	-30847.254724511949	-27506.421193558101	0.000092285980	0.000830910740	PASS
0.1	800	-36808.888762382659	-36808.888719846072	0.000042536587	-36944.845099365957	-35585.281729532828	-36944.845248927020	-35585.280383076504	0.000149561063	0.001346456324	PASS
0.1	900	-43446.005516023055	-43446.005540477541	0.000024454486	-43383.221387517362	-44011.062672574124	-43383.221609697306	-44011.060672475476	0.000222179944	0.002000098648	PASS
0.1	1000	-50390.689593127856	-50390.689716036191	0.000122908335	-50128.571772901043	-52749.749975169318	-50128.572083695406	-52749.747177463942	0.000310794363	0.002797705376	PASS
0.2	500	-18568.252119107063	-18568.252119110082	0.000000003020	-19764.293346351526	-13784.087210142026	-19764.293346331335	-13784.087210128650	0.000000020191	0.000000013377	PASS
0.2	600	-24023.847996686985	-24023.847996677498	0.000000009488	-25191.946820622070	-19351.452700892864	-25191.946820595942	-19351.452700874430	0.000000026128	0.000000018434	PASS
0.2	700	-30051.108946067769	-30051.108851392310	0.000094675459	-31141.410567201467	-25689.902461532882	-31141.410602889788	-25689.902318597429	0.000035688321	0.000142935452	PASS
0.2	800	-36508.034380134413	-36508.034284217167	0.000095917247	-37336.931739337953	-33192.444943320304	-37336.931810954244	-33192.444656633721	0.000071616290	0.000286686583	PASS
0.2	900	-43306.972718605684	-43306.972636006089	0.000082599596	-43873.238732485886	-41041.908663085036	-43873.238853085706	-41041.908180423183	0.000120599820	0.000482661853	PASS
0.2	1000	-50414.071606773578	-50414.071553191032	0.000053582546	-50716.519822865972	-49204.278742403629	-50716.520006168292	-49204.278008888919	0.000183302320	0.000733514709	PASS
0.3	500	-17970.231505494525	-17970.231505489141	0.000000005384	-19764.293346351500	-13784.087210142021	-19764.293346331320	-13784.087210128648	0.000000020180	0.000000013373	PASS
0.3	600	-23439.798584700689	-23439.798584704564	0.000000003874	-25191.946820622063	-19351.452700892860	-25191.946820595931	-19351.452700874455	0.000000026132	0.000000018405	PASS
0.3	700	-29485.019807788867	-29485.019807794491	0.000000005624	-31192.850577251666	-25500.081345711184	-31192.850577217934	-25500.081345688144	0.000000033731	0.000000023039	PASS
0.3	800	-36036.679374431878	-36036.679297511015	0.000076920864	-37572.864150519206	-32452.248230228004	-37572.864175635143	-32452.248171466937	0.000025115936	0.000058761067	PASS
0.3	900	-42943.513469802238	-42943.513387626503	0.000082175735	-44220.195820064837	-39964.587985856240	-44220.195875290832	-39964.587856807630	0.000055225995	0.000129048611	PASS
0.3	1000	-50159.101341101319	-50159.101260668780	0.000080432539	-51174.501586842620	-47789.834101038316	-51174.501683036229	-47789.833876367018	0.000096193609	0.000224671297	PASS
0.4	500	-17372.210891867620	-17372.210891868192	0.000000000571	-19764.293346351507	-13784.087210142030	-19764.293346331320	-13784.087210128650	0.000000020187	0.000000013380	PASS
0.4	600	-22855.749172733558	-22855.749172731656	0.000000001903	-25191.946820622070	-19351.452700892867	-25191.946820595949	-19351.452700874452	0.000000026121	0.000000018415	PASS
0.4	700	-28915.742884636988	-28915.742884640480	0.000000003492	-31192.850577251662	-25500.081345711187	-31192.850577218072	-25500.081345688086	0.000000033589	0.000000023101	PASS
0.4	800	-35504.861550318012	-35504.861518131751	0.000032186261	-37685.041812458257	-32234.591157107774	-37685.041816246005	-32234.591151303051	0.000003787747	0.000005804723	PASS
0.4	900	-42479.420300286074	-42479.420259644830	0.000040641244	-44460.542064746180	-39507.737653595919	-44460.542081390005	-39507.737628482777	0.000016643826	0.000025113142	PASS
0.4	1000	-49763.326052415003	-49763.326005296025	0.000047118978	-51543.016414266363	-47093.790509637969	-51543.016450429815	-47093.790455220354	0.000036163452	0.000054417615	PASS
0.5	500	-16774.190278246770	-16774.190278247246	0.000000000477	-19764.293346351482	-13784.087210142015	-19764.293346331306	-13784.087210128646	0.000000020176	0.000000013370	PASS
0.5	600	-22271.699760757452	-22271.699760758718	0.000000001266	-25191.946820622074	-19351.452700892871	-25191.946820595873	-19351.452700874452	0.000000026201	0.000000018419	PASS
0.5	700	-28346.465961481394	-28346.465961486436	0.000000005042	-31192.850577251687	-25500.081345711162	-31192.850577217847	-25500.081345688286	0.000000033840	0.000000022876	PASS
0.5	800	-34954.503695407941	-34954.503717097126	0.000021689186	-37723.694879628791	-32185.312511186086	-37723.694878569491	-32185.312512146727	0.000001059299	0.000000960641	PASS
0.5	900	-41961.856346123670	-41961.856366574255	0.000020450585	-44650.786390313173	-39272.926301934123	-44650.786382949649	-39272.926309179107	0.000007363524	0.000007244984	PASS
0.5	1000	-49279.149225232846	-49279.149244436958	0.000019204112	-51884.851998229700	-46673.446452235978	-51884.851984953930	-46673.446465372203	0.000013275770	0.000013136225	PASS
0.6	500	-16176.169664625866	-16176.169664626301	0.000000000435	-19764.293346351500	-13784.087210142030	-19764.293346331335	-13784.087210128659	0.000000020165	0.000000013371	PASS
0.6	600	-21687.650348794887	-21687.650348785806	0.000000009080	-25191.946820622063	-19351.452700892860	-25191.946820595927	-19351.452700874408	0.000000026135	0.000000018452	PASS
0.6	700	-27777.189038326964	-27777.189038332377	0.000000005413	-31192.850577251680	-25500.081345711213	-31192.850577218062	-25500.081345687981	0.000000033619	0.000000023232	PASS
0.6	800	-34397.185076629372	-34397.185153068516	0.000076439144	-37772.973525550507	-32146.659444015488	-37772.973512261553	-32146.659452795560	0.000013288955	0.000008780073	PASS
0.6	900	-41403.848282610263	-41403.848373504559	0.000090894297	-44885.597741974969	-39082.681976367116	-44885.597694092510	-39082.682008193005	0.000047882459	0.000031825890	PASS
0.6	1000	-48721.044943216271	-48721.045049649780	0.000106433508	-52305.196055631655	-46331.610868272641	-52305.195964127481	-46331.610929162955	0.000091504175	0.000060890314	PASS
0.7	500	-15578.149051010245	-15578.149051005350	0.000000004895	-19764.293346351496	-13784.087210142012	-19764.293346331335	-13784.087210128655	0.000000020162	0.000000013357	PASS
0.7	600	-21103.600936809227	-21103.600936812873	0.000000003645	-25191.946820622063	-19351.452700892849	-25191.946820595989	-19351.452700874419	0.000000026073	0.000000018430	PASS
0.7	700	-27207.912115174171	-27207.912115178315	0.000000004144	-31192.850577251702	-25500.081345711184	-31192.850577218116	-25500.081345688013	0.000000033586	0.000000023170	PASS
0.7	800	-33821.326427054788	-33821.326559843597	0.000132788809	-37990.630598670752	-32034.481782076506	-37990.630511486917	-32034.481819377594	0.000087183835	0.000037301088	PASS
0.7	900	-40792.369434450600	-40792.369605869433	0.000171418833	-45342.448074235232	-38842.335731685787	-45342.447898016937	-38842.335807131392	0.000176218295	0.000075445605	PASS
0.7	1000	-48074.539122703842	-48074.539338119226	0.000215415384	-53001.239647032038	-45963.096040848883	-53001.239357685874	-45963.096164764196	0.000289346164	0.000123915313	PASS
0.8	500	-14980.128437379628	-14980.128437384397	0.000000004769	-19764.293346351500	-13784.087210142015	-19764.293346331335	-13784.087210128646	0.000000020165	0.000000013370	PASS
0.8	600	-20519.551524836839	-20519.551524839917	0.000000003078	-25191.946820622055	-19351.452700892853	-25191.946820595978	-19351.452700874430	0.000000026077	0.000000018423	PASS
0.8	700	-26635.447407143482	-26635.447551166464	0.000144022983	-31382.671693073407	-25448.641335660948	-31382.671493335332	-25448.641385555107	0.000199738075	0.000049894159	PASS
0.8	800	-33185.004959068792	-33185.005166065501	0.000206996709	-38730.827311763016	-31798.549370895242	-38730.826941893050	-31798.549463312374	0.000369869966	0.000092417133	PASS
0.8	900	-40080.256665578287	-40080.256948377937	0.000282799650	-46419.768751464115	-38495.378644106779	-46419.768160917913	-38495.378791682619	0.000590546202	0.000147575840	PASS
0.8	1000	-47287.228279177332	-47287.228651214959	0.000372037626	-54415.684288397344	-45505.114276872300	-54415.683424064679	-45505.114492883840	0.000864332666	0.000216011540	PASS
0.9	500	-14382.107823829332	-14382.107823763436	0.000000065897	-19764.293346351507	-13784.087210142023	-19764.293346331331	-13784.087210128651	0.000000020176	0.000000013371	PASS
0.9	600	-19930.256399316906	-19930.256548085770	0.000148768864	-25659.249931134713	-19293.701562448263	-25659.249313992197	-19293.701630995198	0.000617142516	0.000068546935	PASS
0.9	700	-25958.955986217839	-25958.956229309224	0.000243091385	-33199.191256009392	-25154.485400685477	-33199.190206828367	-25154.485517229274	0.001049181024	0.000116543797	PASS
0.9	800	-32378.182867628475	-32378.183231082341	0.000363453866	-41123.664097975634	-31406.462730923216	-41123.662488315982	-31406.462909734550	0.001609659652	0.000178811333	PASS
0.9	900	-39143.717445319795	-39143.717956317560	0.000510997765	-49388.922760953152	-38005.361299138349	-49388.920455901432	-38005.361555207215	0.002305051719	0.000256068866	PASS
0.9	1000	-46221.565156332887	-46221.565843041717	0.000686708830	-57961.155521162953	-44917.166226907291	-57961.152380093190	-44917.166575858442	0.003141069763	0.000348951151	PASS

# SUMMARY
# Total conditions tested: 54
# Passed: 54
# Failed: 0
# Pass rate: 100.0%
# Total time: 171.9 seconds
